function can_pass(matrix, first, second) {
    return true || false;
}


//if __name__ == '__main__':
//    assert can_pass(((0, 0, 0, 0, 0, 0),
//                     (0, 2, 2, 2, 3, 2),
//                     (0, 2, 0, 0, 0, 2),
//                     (0, 2, 0, 2, 0, 2),
//                     (0, 2, 2, 2, 0, 2),
//                     (0, 0, 0, 0, 0, 2),
//                     (2, 2, 2, 2, 2, 2),),
//                    (3, 2), (0, 5)), 'First example'
//    assert not can_pass(((0, 0, 0, 0, 0, 0),
//                         (0, 2, 2, 2, 3, 2),
//                         (0, 2, 0, 0, 0, 2),
//                         (0, 2, 0, 2, 0, 2),
//                         (0, 2, 2, 2, 0, 2),
//                         (0, 0, 0, 0, 0, 2),
//                         (2, 2, 2, 2, 2, 2),),
//                        (3, 3), (6, 0)), 'First example'
